441
-0.074367 0.521497 -0.743807
-0.100137 0.461437 -0.861120
-0.111745 0.527915 -0.902961
-0.138951 0.439261 -0.753378
-0.061183 0.461666 -0.770453
-0.195551 0.368896 -0.803491
-0.165852 0.468552 -0.789262
-0.261171 0.311022 -0.844928
-0.222266 0.335271 -0.794087
-0.254746 0.286258 -0.821529
-0.282468 0.283482 -0.841147
-0.419080 0.203757 -0.846300
-0.388025 0.239063 -0.830346
-0.382434 0.284884 -0.799078
-0.443796 0.148755 -0.857685
-0.460460 0.088156 -0.799527
-0.407713 0.086275 -0.807803
-0.472874 0.001964 -0.783570
-0.533139 0.039642 -0.814234
-0.570330 -0.078927 -0.793586
-0.541435 -0.063207 -0.854609
-0.056683 0.575226 -0.749583
-0.024673 0.503361 -0.680134
-0.084067 0.474789 -0.650642
-0.058469 0.531626 -0.710619
-0.086354 0.458338 -0.680880
-0.177352 0.301751 -0.696675
-0.200033 0.439253 -0.698240
-0.163797 0.353120 -0.673800
-0.230021 0.291367 -0.711095
-0.201627 0.283730 -0.740860
-0.231804 0.245159 -0.760098
-0.294748 0.158712 -0.749721
-0.298172 0.097683 -0.777198
-0.291933 0.160950 -0.694148
-0.332131 0.164193 -0.707927
-0.366070 0.053847 -0.731868
-0.439150 0.026691 -0.740990
-0.434017 0.014768 -0.713815
-0.493821 -0.003484 -0.681667
-0.572855 0.018548 -0.697133
-0.473015 -0.023585 -0.769907
0.014840 0.489227 -0.697509
0.057863 0.464005 -0.649597
0.005022 0.442617 -0.645074
-0.039567 0.444423 -0.607371
-0.060404 0.421428 -0.655962
-0.180297 0.436899 -0.663742
-0.072851 0.389830 -0.603823
-0.134698 0.306016 -0.647215
-0.205321 0.242562 -0.663433
-0.146003 0.155687 -0.648244
-0.255936 0.244592 -0.629499
-0.304519 0.229704 -0.576488
-0.280576 0.152735 -0.624813
-0.336097 0.173672 -0.714262
-0.284885 0.056912 -0.672867
-0.363538 0.071662 -0.618041
-0.371736 -0.025686 -0.611895
-0.394648 0.026234 -0.632850
-0.436053 -0.065806 -0.640445
-0.441987 -0.121772 -0.655737
-0.553050 -0.038475 -0.621733
0.101915 0.467127 -0.537690
0.048128 0.493165 -0.550112
0.019142 0.356567 -0.510892
-0.047793 0.364742 -0.626594
-0.050064 0.365121 -0.545967
-0.054374 0.319935 -0.517040
-0.124122 0.253612 -0.576493
-0.159743 0.278374 -0.542843
-0.203122 0.253776 -0.580486
-0.147747 0.182753 -0.563467
-0.230301 0.171662 -0.538994
-0.265460 0.096671 -0.599283
-0.315907 0.140994 -0.551846
-0.258532 0.060720 -0.546169
-0.337132 0.086343 -0.537271
-0.332220 0.108867 -0.602546
-0.374561 0.002257 -0.552504
-0.362209 0.029333 -0.586656
-0.411443 -0.138590 -0.626004
-0.438642 -0.088878 -0.585095
-0.532881 -0.133212 -0.516124
0.094359 0.422564 -0.481639
0.097240 0.453463 -0.571404
0.037425 0.427706 -0.486442
-0.043808 0.372221 -0.462398
-0.042875 0.323332 -0.480432
-0.032310 0.320252 -0.454500
-0.087861 0.241301 -0.447691
-0.075388 0.209899 -0.460485
-0.102486 0.189860 -0.424357
-0.147921 0.130186 -0.467511
-0.134145 0.126949 -0.489983
-0.151373 0.157420 -0.489908
-0.248669 0.113457 -0.460726
-0.245439 0.037513 -0.476819
-0.263707 0.094573 -0.425797
-0.315733 -0.005006 -0.492716
-0.259144 0.019741 -0.407393
-0.356294 -0.023438 -0.547463
-0.439244 -0.078496 -0.517073
-0.476818 -0.122637 -0.438853
-0.461731 -0.154085 -0.389065
0.178950 0.399091 -0.399443
-0.005512 0.420287 -0.396203
0.073193 0.423797 -0.377088
-0.024404 0.275240 -0.392618
-0.019173 0.272249 -0.489878
-0.049467 0.314094 -0.426191
-0.046220 0.224464 -0.390963
-0.077460 0.269093 -0.443230
-0.083414 0.196048 -0.469994
-0.111418 0.117875 -0.453757
-0.153219 0.177026 -0.380024
-0.115777 0.083346 -0.399727
-0.181568 0.105277 -0.427231
-0.244566 0.035915 -0.402624
-0.241597 0.026052 -0.414951
-0.271490 0.014933 -0.447974
-0.326833 -0.144868 -0.349027
-0.291839 -0.099742 -0.419605
-0.271418 -0.102007 -0.463633
-0.334659 -0.122948 -0.350777
-0.357555 -0.264147 -0.410133
0.235637 0.405086 -0.342251
0.117041 0.426273 -0.323351
0.150791 0.311846 -0.372324
0.032439 0.291413 -0.311688
0.113201 0.230994 -0.393523
-0.022308 0.187709 -0.313245
-0.019695 0.187642 -0.297315
-0.099154 0.183883 -0.309384
-0.076642 0.167292 -0.337503
-0.117514 0.122980 -0.319378
-0.142535 0.107034 -0.285604
-0.233199 0.054616 -0.316569
-0.174893 0.118396 -0.284168
-0.175485 0.043308 -0.361299
-0.197667 -0.028397 -0.398478
-0.336118 -0.016154 -0.345990
-0.276947 -0.089440 -0.361606
-0.323469 -0.089354 -0.409720
-0.315761 -0.172370 -0.283590
-0.356147 -0.172102 -0.358883
-0.424985 -0.150810 -0.361986
0.211161 0.420055 -0.236335
0.164251 0.332197 -0.260951
0.169722 0.212449 -0.256389
0.082896 0.256695 -0.184817
0.064088 0.279176 -0.258528
0.052526 0.130061 -0.190403
0.043053 0.168730 -0.202060
0.028368 0.117730 -0.213161
-0.026158 0.116717 -0.243579
0.010324 0.100741 -0.268390
-0.065807 0.119646 -0.242262
-0.125172 0.091218 -0.172555
-0.151106 0.046952 -0.315710
-0.196126 -0.038221 -0.295434
-0.192388 -0.075575 -0.281149
-0.175588 -0.068392 -0.194324
-0.233839 -0.027754 -0.215256
-0.245926 -0.094506 -0.274924
-0.340017 -0.118962 -0.203872
-0.356653 -0.196263 -0.240570
-0.326740 -0.208286 -0.298670
0.238119 0.355848 -0.152055
0.186222 0.330165 -0.170923
0.108058 0.280214 -0.176691
0.155210 0.358192 -0.187962
0.129733 0.249247 -0.153829
0.100005 0.220888 -0.155370
-0.007567 0.140852 -0.104520
0.050176 0.160786 -0.107070
0.009906 0.115088 -0.172023
-0.054374 0.078822 -0.220360
-0.071447 0.106896 -0.166825
-0.078936 0.032966 -0.072024
-0.153901 -0.062431 -0.134387
-0.105164 -0.059758 -0.196717
-0.171571 -0.096547 -0.140111
-0.181954 -0.231271 -0.155042
-0.255420 -0.158045 -0.151092
-0.266815 -0.211540 -0.167929
-0.297847 -0.205367 -0.227202
-0.258275 -0.227361 -0.155412
-0.368181 -0.254298 -0.108664
0.226702 0.370976 -0.057390
0.211045 0.296688 -0.091363
0.217187 0.287715 -0.133130
0.207786 0.237285 -0.050813
0.146410 0.256302 -0.117992
0.092481 0.163653 -0.021043
0.166876 0.131632 -0.062361
-0.007982 0.111152 -0.117249
0.040470 0.166848 -0.081336
0.011504 0.095635 -0.117812
-0.094302 0.024567 -0.114541
-0.002108 0.053278 -0.107064
-0.030563 -0.086635 -0.064556
-0.105644 -0.065087 -0.102521
-0.175289 -0.106298 -0.059749
-0.147098 -0.082524 -0.105307
-0.223073 -0.146954 -0.097758
-0.174157 -0.242017 -0.100677
-0.234299 -0.236672 -0.119454
-0.221093 -0.208324 -0.012182
-0.264430 -0.296134 -0.091023
0.274367 0.347098 -0.007648
0.166866 0.229710 0.025845
0.208190 0.277341 0.017145
0.125348 0.260117 -0.050059
0.152701 0.185253 0.016838
0.187720 0.191887 -0.039492
0.065588 0.160888 0.025146
0.085206 0.088235 0.023711
0.033308 0.145999 -0.001754
0.024726 0.015139 0.009340
0.005691 -0.036241 0.037227
-0.053182 -0.065402 0.018913
-0.070823 -0.071730 -0.058312
-0.103512 -0.065021 -0.008875
-0.105967 -0.159995 -0.067422
-0.163366 -0.171478 -0.017541
-0.113497 -0.192092 0.051905
-0.121356 -0.204057 -0.021234
-0.203701 -0.256840 -0.009008
-0.205484 -0.238852 -0.051468
-0.304903 -0.249715 -0.019871
0.267833 0.334785 0.111186
0.313573 0.223396 0.145336
0.220185 0.218758 0.045779
0.218277 0.172366 0.098575
0.140065 0.107941 0.042976
0.129700 0.089763 0.057690
0.069780 0.058234 -0.003291
0.042675 0.081020 0.033977
0.076606 0.004421 0.112194
-0.037931 0.004540 0.141960
0.066190 0.000782 0.063622
0.139395 -0.059895 0.121273
0.046657 -0.096618 0.081087
-0.062395 -0.156514 0.109207
-0.077275 -0.221730 0.078147
-0.055912 -0.183853 0.097406
-0.132801 -0.287620 0.058918
-0.160239 -0.296524 0.003789
-0.147935 -0.250493 0.048689
-0.272097 -0.252915 0.118383
-0.253882 -0.328879 0.099231
0.309568 0.254393 0.235050
0.293852 0.268525 0.196199
0.238028 0.238549 0.135409
0.259647 0.156808 0.145742
0.261087 0.148352 0.153685
0.223803 0.123568 0.189565
0.164110 -0.006276 0.174004
0.184951 0.020061 0.134853
0.108103 0.028972 0.173555
0.069274 0.038905 0.107022
0.004374 0.047505 0.173752
0.076043 -0.115962 0.153918
0.078023 -0.115120 0.139117
-0.015481 -0.230910 0.195930
-0.066761 -0.212226 0.140470
-0.082980 -0.229813 0.079731
-0.128215 -0.234881 0.120896
-0.145092 -0.275852 0.165994
-0.145119 -0.316544 0.112716
-0.223234 -0.306404 0.140884
-0.175765 -0.330373 0.197347
0.375023 0.210267 0.242538
0.335700 0.188583 0.199728
0.279174 0.234289 0.222694
0.225498 0.137209 0.224545
0.310026 0.125651 0.259660
0.194097 0.111711 0.208382
0.243090 -0.046056 0.299500
0.139851 0.004615 0.234249
0.154474 -0.006337 0.304700
0.112710 -0.037913 0.262465
0.100450 -0.087778 0.264004
0.027026 -0.123417 0.260265
0.039212 -0.112313 0.219715
-0.020881 -0.166678 0.231753
-0.071931 -0.199128 0.236857
-0.101836 -0.311352 0.218965
-0.000785 -0.241105 0.320022
-0.131407 -0.284804 0.195085
-0.049855 -0.366739 0.247114
-0.124546 -0.390173 0.286477
-0.196520 -0.430987 0.244826
0.371064 0.197803 0.301266
0.397750 0.169058 0.344249
0.269271 0.182722 0.298199
0.351020 0.062651 0.324317
0.177250 0.050851 0.351221
0.260484 0.092289 0.339176
0.174306 0.033207 0.318315
0.270026 0.007191 0.359419
0.191533 -0.061723 0.348683
0.177687 -0.036670 0.310708
0.063109 -0.078527 0.299177
0.142928 -0.153857 0.375901
0.139592 -0.204039 0.342626
0.081569 -0.180396 0.283027
-0.037454 -0.174974 0.334848
-0.073159 -0.298983 0.360935
-0.060822 -0.245191 0.359144
-0.093430 -0.268676 0.351813
-0.149609 -0.331028 0.352583
-0.076282 -0.391578 0.357528
-0.192284 -0.444260 0.325381
0.403664 0.152343 0.437650
0.416015 0.115477 0.376185
0.410138 0.130768 0.380905
0.280066 0.089391 0.379020
0.261957 0.045827 0.399914
0.284194 -0.005500 0.404245
0.256061 -0.013567 0.403557
0.213567 0.013495 0.421857
0.169977 -0.008702 0.326059
0.157007 -0.067783 0.470220
0.126088 -0.046604 0.462037
0.161620 -0.167182 0.402049
0.170351 -0.134439 0.412633
0.079533 -0.157645 0.426390
0.047794 -0.242565 0.421710
-0.003493 -0.296872 0.368961
0.008022 -0.317200 0.419031
-0.080606 -0.369213 0.438738
-0.045869 -0.311472 0.442376
-0.084266 -0.378913 0.397034
-0.122139 -0.468247 0.425378
0.468614 0.135311 0.474375
0.422515 0.147016 0.429359
0.383514 0.106035 0.502564
0.393705 0.066108 0.467978
0.313120 0.077358 0.506338
0.347812 0.049802 0.485101
0.271588 -0.026360 0.505178
0.187325 -0.031312 0.412509
0.227579 -0.105141 0.402083
0.187780 -0.106061 0.513389
0.141373 -0.208315 0.534333
0.157352 -0.210963 0.467402
0.103073 -0.204724 0.506666
0.035940 -0.324495 0.478208
0.060301 -0.219838 0.471108
0.038604 -0.347850 0.538623
0.068516 -0.349302 0.465221
0.027327 -0.413778 0.462071
-0.050070 -0.400752 0.580618
-0.104712 -0.486325 0.545418
-0.082184 -0.430932 0.436568
0.440387 0.124599 0.542126
0.506020 0.109896 0.541733
0.391058 0.042433 0.588359
0.416004 0.060137 0.514392
0.350983 0.043325 0.500570
0.358346 -0.073007 0.593773
0.301083 0.008766 0.552165
0.314733 -0.137012 0.543975
0.275987 -0.224344 0.560830
0.206947 -0.169876 0.568024
0.284082 -0.230025 0.546866
0.161405 -0.230140 0.573177
0.188768 -0.238700 0.519980
0.102440 -0.240004 0.555536
0.119937 -0.263524 0.587941
0.019075 -0.298038 0.539146
0.077596 -0.386721 0.573014
-0.023572 -0.330256 0.501231
-0.056936 -0.464218 0.558038
0.010661 -0.452053 0.570537
-0.089269 -0.496114 0.580049
0.590117 0.068899 0.576489
0.428312 0.081909 0.682098
0.500557 0.076430 0.652272
0.471038 0.030878 0.655864
0.434715 -0.065907 0.608422
0.371021 -0.075458 0.611499
0.389830 -0.104311 0.669260
0.248008 -0.084182 0.617142
0.201571 -0.172726 0.629328
0.307296 -0.161523 0.618816
0.247454 -0.218189 0.637220
0.247253 -0.210317 0.577757
0.239111 -0.228063 0.635752
0.126151 -0.306424 0.648393
0.076505 -0.344449 0.640225
0.134608 -0.319500 0.688674
0.153909 -0.422908 0.598088
0.111512 -0.477135 0.607171
0.074732 -0.511533 0.670015
0.048791 -0.522366 0.673509
-0.090695 -0.534305 0.638941
0.517972 0.079924 0.726327
0.538677 -0.011094 0.700236
0.534626 0.024377 0.730215
0.451531 0.033934 0.803878
0.376501 -0.044273 0.770366
0.417178 -0.191160 0.689107
0.355667 -0.124159 0.770768
0.429453 -0.124854 0.757107
0.371513 -0.194492 0.692461
0.301598 -0.182398 0.672336
0.301401 -0.242519 0.696185
0.285043 -0.259529 0.706671
0.205008 -0.307959 0.760164
0.120959 -0.343128 0.642118
0.204674 -0.410189 0.686877
0.100486 -0.342061 0.717425
0.104506 -0.437635 0.753559
0.031949 -0.470592 0.744110
-0.003185 -0.473388 0.700954
0.105813 -0.458609 0.720589
0.023673 -0.544357 0.846187
0.552204 -0.040578 0.776336
0.515825 -0.053771 0.811218
0.563660 -0.040630 0.748169
0.452559 -0.036862 0.794862
0.377683 -0.057517 0.823314
0.357648 -0.103391 0.830211
0.426611 -0.156856 0.836398
0.325463 -0.248937 0.840403
0.356366 -0.172695 0.764231
0.390542 -0.253600 0.826570
0.254951 -0.299865 0.763726
0.262740 -0.272052 0.840713
0.287953 -0.296004 0.823524
0.211678 -0.373922 0.796785
0.217512 -0.403809 0.866871
0.233039 -0.378776 0.820820
0.109092 -0.537512 0.767700
0.063671 -0.439200 0.865146
0.103710 -0.516455 0.759613
0.044088 -0.501973 0.798826
0.115207 -0.594677 0.692176
