4.95845   -2.62626
5.24023   -2.16805
4.89621   -1.85331
4.62777   -1.55537
4.76026   -0.99455
4.25735   -0.88021
3.92743   -0.67013
3.65187   -0.39707
3.26542   -0.31085
2.90158   -0.22523
2.68334   0.58220
2.21805   0.46584
1.79888   0.19678
1.45844   -0.16102
1.08268   -0.17679
0.67741   -0.18935
0.23184   -0.21382
0.16728   -0.78463
0.04956   -1.16841
-0.30713   -1.32377
-0.81145   -1.45439
-0.99375   -1.81469
-1.13039   -2.19625
-1.09097   -2.60952
-1.17833   -3.00000
-1.02234   -3.38181
-1.20988   -3.82416
-0.66776   -4.05624
-0.83275   -4.55732
-0.40428   -4.74681
-0.24130   -5.10472
-0.07300   -5.50582
0.20530   -5.82800
0.75755   -5.64034
0.95128   -6.22762
1.38658   -6.21564
1.80359   -6.12185
2.19481   -6.09643
2.58052   -6.04320
2.95207   -5.93018
3.33959   -5.84677
3.68885   -5.66120
4.10784   -5.54794
4.51275   -5.35963
4.61715   -4.90147
4.71624   -4.49327
5.03724   -4.20253
5.07839   -3.79040
4.91249   -3.36793
5.33144   -3.00000